3142
4116
8827
7124
1673
431
806
5035
601
45
593
7924
6702
6586
1268
2699
1128
8262
3431
269
2129
4612
3390
175
4079
5727
6802
1304
1253
7092
9241
9068
8681
8496
8712
8774
1632
9894
2063
8722
6966
365
5026
6868
9594
1220
6696
6200
9557
8883
3949
8471
779
3088
1810
3218
5946
5722
5364
6079
3488
9413
7658
5197
9145
178
5080
3061
8677
2202
3008
6351
2456
4632
488
6254
7035
1152
9014
4393
961
2592
6408
9831
5284
4017
4737
9638
9469
8217
7470
7576
290
1601
5478
7211
409
734
2415
5524
4635
863
9374
455
6644
1601
6582
7141
9175
1874
7922
978
4542
1008
141
5969
95
8237
6670
9135
1563
1074
3698
9417
8288
3469
6866
6843
5838
3704
5299
6007
7430
2391
907
61
4973
6718
2449
5869
2177
8557
7326
8982
7843
3529
3344
7002
6626
4839
5614
1936
3624
1752
3525
1141
5262
1692
8880
705
5243
4532
1558
3026
9161
8280
9502
4167
1128
2401
4493
3914
4428
2437
8848
8042
2482
9709
3301
3876
2640
132
3587
8014
4826
5166
4203
5553
2368
7234
7798
7680
4629
9974
8669
5001
1194
7158
8488
9510
7657
3456
4702
9872
3070
3855
7355
7170
1599
9457
4544
9173
3773
8391
9220
829
1746
3929
3159
863
426
8324
8375
9629
9615
818
5484
7904
3100
7892
207
9201
5603
1181
5976
5396
6442
9742
2243
5393
5535
2857
420
3728
77
8245
8578
9872
3463
6318
2655
9461
1281
7157
3416
1132
6942
7035
2743
5307
3075
6406
278
1178
4970
8957
9118
9608
6035
5878
6029
3292
150
7802
1654
9833
6580
4497
914
444
2027
4863
3493
6197
6743
3914
5212
2800
3301
5175
4194
2143
579
6272
3793
1046
8916
6533
4005
2066
3423
2780
1516
5239
6087
3606
8314
7556
8870
5583
3593
2357
2050
5505
6526
7765
4369
4630
4583
9726
4953
5480
1216
1679
4784
1128
8084
2040
3234
3895
1473
2309
7633
3523
8036
6053
679
7025
532
6822
2694
4708
859
5742
5681
8056
8494
1592
4596
2606
1789
1738
4669
9492
7926
927
5374
5455
7540
2197
4986
7624
8565
8901
2909
7088
3562
9307
6201
6017
5463
6129
4938
6483
2858
380
3035
1000
4840
7714
2818
3669
6931
7159
4998
4541
728
9011
4561
2603
6756
3121
6544
1291
5319
2358
567
4582
9537
4636
2657
6841
4760
4331
5910
1025
2972
8483
3429
1253
1457
7336
5536
2399
3980
4474
5079
6152
1177
3279
5101
8463
3033
4064
9591
102
441
9325
2179
9098
7933
3997
6917
5261
8283
7287
8412
5313
9044
9238
2195
18
7870
8956
2387
7489
2412
2214
9317
8153
8575
136
4118
6976
853
2325
5492
9708
4880
9820
4965
1151
7378
5858
4486
1088
6564
6633
2721
119
7510
2218
5464
1845
9344
9428
8589
8190
3543
3104
5956
1508
5052
4432
6448
2113
1118
4244
74
7376
1456
9257
1345
585
1509
8463
2235
7767
3031
8837
4697
7032
5895
3363
6888
4241
9630
9747
6932
7066
4338
6300
2103
173
7685
3709
5679
9927
5063
8051
2206
40
7100
1767
4219
4877
8281
6567
7397
3415
519
8255
5208
7399
6441
1844
2456
8729
9786
4957
6522
5722
512
1310
419
8248
2158
6402
247
724
357
132
307
1990
4681
2890
8295
2142
434
5231
235
1490
1193
475
5522
6777
4467
6674
5228
2466
8586
550
1077
4130
6166
9065
4011
6856
3450
6659
9805
367
811
9260
9950
1344
9196
4390
8089
8656
2580
9914
271
9277
3457
6830
7531
1297
7846
5952
9239
4001
3600
5682
7623
9156
8246
9138
6771
2451
782
1364
2179
8042
2861
7198
339
2376
9206
320
8197
3912
8372
8222
7941
6940
7683
3915
5480
9539
3928
4099
9678
4184
1968
9365
7446
6007
5654
9644
3680
5659
7823
4713
606
5049
7551
6319
9988
6755
6990
5210
4959
4650
2533
1468
9010
8851
8114
6854
1579
5508
2172
9967
5748
9340
8208
9700
4741
3196
5881
9644
4662
4262
2558
5815
4258
1824
2806
771
4120
8757
9463
682
2971
9129
267
3435
8857
4678
8995
8515
5833
4279
9622
7400
6285
3233
9122
5266
3863
5977
1828
2342
8536
5894
6082
9376
6340
8676
3093
3837
2065
2082
9700
8899
2174
6857
587
6237
479
4505
8635
8006
8935
7809
2106
6673
9823
475
91
9555
4290
5186
7913
910
395
288
9277
8474
8182
297
3968
1554
7331
782
8170
665
730
5726
3368
4199
5064
63
3227
8643
9239
4485
3805
2975
4699
5901
2239
4731
4169
8057
4606
2279
962
296
997
9464
8205
9393
4827
1574
7683
4364
1981
4016
116
1901
2214
3084
1815
1886
5914
4383
4702
1416
3362
2117
6328
9037
34
1262
2528
6357
2119
8149
3970
7042
7916
862
9582
3154
6539
6524
4229
6194
9248
7580
5312
4410
1865
977
225
4328
58
7485
3489
8700
1070
5048
5448
5470
5175
4176
1835
9175
2646
9374
1743
210
5878
7073
3707
720
2819
5321
5116
7826
3240
6065
4371
2487
3302
9930
3481
163
6816
8289
4002
3736
19
6076
831
611
1044
6006
9213
3045
2721
2148
9868
8812
1033
2435
490
2542
1895
1680
6349
1234
7178
7940
4847
6683
6096
1146
6211
8449
4352
3519
6295
9261
3607
3412
1906
2129
5067
6355
2604
371
2091
1228
9005
4388
8807
1882
9981
9808
5564
5175
7211
9668
4215
9704
681
7
1163
1750
4997
9399
6750
3051
322
8738
3486
8022
1492
8413
2720
3690
2875
1523
1081
4009
9559
4686
917
9336
9882
1291
6645
304
6587
7357
1734
6001
7574
6497
9004
6978
1584
5097
3502
1561
857
6408
6570
5731
218
6649
6617
113
5342
8908
8941
4336
2541
7885
3863
6243
1683
5666
3958
4591
1872
6898
4458
3619
9880
6173
102
1250
6987
3563
7059
8638
4782
4693
3313
2114
8216
8698
6408
3755
3593
1039
7981
2709
6820
2839
865
9598
3502
6666
3811
1049
7967
3589
4582
8626
9525
3758
4461
8185
3687
7041
3666
4716
3287
9788
9750
3461
385
8468
4594
5917
6496
8594
8685
4331
4576
798
5286
5774
734
182
769
3186
747
8539
4383
8210
1023
1096
597
5979
6971
4319
4015
889
2663
2962
3389
7697
4473
6139
7739
6905
7383
4121
6959
6263
5716
5735
4796
8181
7990
4075
7763
9918
3193
3176
3129
7544
5820
8736
7315
3486
4360
6457
3533
8184
2833
5338
4763
5977
8950
2947
7239
1077
3714
6423
8729
6189
4149
2631
3365
856
5084
1819
4541
7616
6124
639
8231
4999
4495
6745
6698
2596
3237
2083
9794
8013
3547
4857
8227
2466
1929
2000
4554
1396
9861
496
3950
2864
9494
1648
7653
7644
8883
7101
8164
6525
6057
4118
5295
1442
6523
5511
830
7681
7508
9616
8736
4796
2888
9426
7609
4672
5432
9525
583
7914
8484
5657
5267
1829
523
3799
7586
6356
2047
4818
4539
5256
3203
9360
3347
5183
6022
4959
7028
6747
1513
1766
588
698
4268
6713
1921
8438
5975
2280
6675
5643
8804
1109
7850
2928
8634
2624
4958
5956
7507
8576
1190
3303
1055
2240
5192
6402
5170
1860
2207
7875
6633
4375
2842
7001
3034
1203
4976
8905
6969
3499
5442
3643
6039
7000
7529
7556
3044
3582
5295
6704
4421
123
2825
2443
6113
7804
1313
9117
2549
1915
6707
6448
3368
1064
1165
7727
5336
9523
7081
4237
8403
4068
2951
5390
5986
4679
8339
1238
6976
535
2327
7100
6216
7846
7193
4539
5676
1654
8772
757
4690
1815
900
9540
585
4925
5483
2463
4585
6813
4977
7333
3736
5061
1800
4825
5353
1621
6477
8890
959
7102
9370
6493
1056
53
4681
7145
2004
1875
3651
8447
781
8780
4775
964
2944
9786
3990
7917
3009
9478
4794
4646
7597
3619
5559
3679
7105
4487
8266
1635
2536
518
4142
2598
4401
6365
9149
2810
2783
4247
8627
2766
4105
6431
2319
7268
9266
6515
3283
8685
4452
2626
7034
1220
6357
3842
3977
6371
9932
3328
7230
5366
3213
7797
3301
6570
1151
9297
8858
2673
7950
7046
4776
7414
1228
6244
8752
5191
2595
908
6421
3908
3078
8484
788
4722
9381
2774
1570
7947
1663
3109
589
982
7218
1549
1252
9343
958
7733
5794
5379
3783
3732
7814
7291
7097
1821
5262
9138
4854
7433
9810
5972
3451
320
9981
8405
6801
8835
8597
4171
8687
6120
5932
2601
8332
819
5151
8216
290
2222
8876
4068
4158
6981
6688
7761
5876
2400
8478
8473
4144
2670
5308
5923
4631
2874
5335
8464
6204
1565
7319
9125
2958
3728
1646
3920
6750
763
5929
2010
4015
3231
4601
8680
1894
7901
123
5293
2417
8097
3795
9167
5684
7438
9272
1988
7406
8295
5528
9385
9370
4760
8876
3214
433
9007
7655
1618
509
9097
9048
2823
9273
9341
3343
802
5396
8479
9291
913
5812
1811
6145
8105
3639
5919
3306
6443
9316
6699
4068
1106
8992
5511
3560
3259
733
1289
2619
4065
9517
4097
3278
5
9684
6507
384
2071
5371
8145
1140
3283
5217
5578
5565
4442
8348
4275
7349
188
9981
3177
893
399
8018
1104
8063
159
3764
3618
1439
5442
9553
8551
7328
9782
8324
7390
3539
522
8736
8278
6906
3766
1660
4395
4666
7271
4440
8976
1647
2139
5165
4021
4169
8661
867
997
4356
7838
1100
7391
5574
5993
5485
5135
1666
5344
909
809
2809
1440
4358
1649
3984
2750
3753
8265
6444
6692
1646
5688
9418
3500
3849
2099
8683
8504
919
2075
8253
4220
5256
5444
2725
2137
5143
573
5607
7990
8692
6672
3800
8045
5042
3463
4875
6335
3036
2537
4936
1189
147
4096
987
5908
387
8616
7960
2988
9875
4391
2300
8077
8315
563
5806
6503
3344
6628
4069
7788
4395
7384
467
5604
3240
7324
2191
5085
7945
110
9728
3005
8618
9644
501
9990
7104
8744
402
9316
7851
8411
2005
5206
219
7730
7511
2278
3070
3530
9582
23
7735
6612
2686
1866
6651
9156
3439
1261
3508
4636
4266
6049
4920
7680
1406
1446
8068
806
9967
9509
8178
1004
990
2233
5578
1093
3347
4779
9365
3873
7623
7241
1276
7240
3854
9971
2015
5235
929
2833
8034
8424
2602
6516
8673
2640
5320
2008
2612
8390
4515
2018
1997
9150
281
7996
5438
7247
5671
8282
4152
8015
1795
56
1407
6681
2486
4978
7033
4397
7927
6799
4581
2149
4530
1451
9176
5040
7912
9808
8146
7085
2336
8560
2959
6981
5723
658
9578
9604
3493
7238
6364
3590
3144
7063
6818
427
2090
6524
476
8950
4406
7386
5778
1976
808
9898
6977
2691
2770
34
8131
4830
5420
3523
8205
3380
1288
639
9986
8249
4227
9237
404
3819
4856
3514
3050
9312
5855
2261
9486
1650
8098
9094
9773
1316
1471
2116
5377
5135
6730
8643
1228
7965
7370
1423
1082
6433
4148
9287
3113
881
3781
7752
741
9938
152
8293
76
7855
4199
7552
2352
9493
4318
6520
4939
813
9644
8687
2876
4054
499
950
1007
9951
9694
6119
8507
2079
3890
2415
4245
2769
7901
5702
2130
8767
4620
2220
2170
4409
2552
4066
8488
3570
9216
7938
3134
3912
210
8492
965
7982
1682
7743
5090
4839
3821
7952
4532
4209
9720
3225
6873
4268
1745
9729
3264
6166
919
8436
7306
516
8470
2863
8474
3983
7322
4858
7947
7944
3157
7538
7457
5561
2155
5458
5655
714
9594
5341
3960
1677
1928
7403
6201
2758
2452
9886
6867
8458
2398
5871
5998
5843
8851
7194
4809
5278
7809
8979
8791
5266
6249
6643
9619
3100
7842
7395
7620
9643
5849
7139
2299
6741
4998
3000
3881
7556
3723
4512
7934
2449
3670
1155
9804
427
6501
1688
4634
7892
4361
528
916
3689
4258
9971
8384
8107
6490
9126
5483
8671
4767
5798
1986
3134
2152
4372
6877
7609
1512
7804
7349
6926
8208
6307
86
4271
4207
4892
8688
2005
3621
2248
1288
6833
1989
7032
6011
2394
1497
5760
546
8952
5599
5753
480
7452
8816
9027
3097
970
5377
6230
8237
1124
2099
7699
5490
4372
7094
2668
3872
7269
3610
5564
9429
1071
9397
9972
8345
3053
2785
4339
2203
5117
7581
6273
7338
979
3075
2169
209
6362
6346
4929
4986
904
1154
6215
3459
9917
732
7769
3117
6840
9900
5249
8721
630
2263
2588
4301
1240
4678
5397
7852
6416
2221
6946
6804
6727
7749
6042
6633
9230
5029
4722
9599
1887
4048
1251
7628
1263
4823
5690
6972
8226
7983
5324
4430
7403
5901
35
4412
9647
830
457
3224
5269
3012
1968
9377
6908
9322
4139
309
3400
856
7341
4240
7723
9906
8876
9267
9916
1691
4801
2496
2903
4471
7903
9490
1745
4429
7550
6601
5078
5196
2467
4979
2320
8981
6254
5254
86
3221
5743
3289
7359
2358
1269
8403
6961
956
8293
5531
5819
3994
1939
1166
8283
1655
3424
6191
6908
8475
5409
5609
7952
67
9351
1840
1462
4852
5888
3094
7944
7708
8042
6809
4244
2228
5679
9689
3285
6801
9633
4472
3869
7258
3236
9498
2913
4548
9218
7259
1889
329
4527
5056
5027
2040
7786
821
5962
3157
5676
7958
1736
7633
7632
8537
6461
8964
6991
3560
827
2951
7478
1453
7752
9854
6615
1511
2271
7634
3929
9321
9667
2013
6669
448
6337
3150
1038
3749
2801
5661
4804
8217
1864
2473
533
6653
7662
8700
1640
3172
4487
4608
9224
1376
9360
6730
8721
3785
487
3285
410
1292
1975
7258
9758
4832
2655
3595
2441
4292
5278
5919
2316
3396
926
6807
8894
2586
7578
4431
1343
8176
5452
3777
4713
6772
5512
2611
3509
9653
6319
9760
6215
2202
6880
6276
5912
9026
5281
3265
9278
8118
9366
2911
5162
2874
8940
5073
669
2210
8693
3794
8343
5377
4432
3389
9774
2781
9332
2460
1624
2463
5993
2761
7990
6886
3715
9040
5645
6267
6475
8517
5137
8958
7388
9458
2528
5520
9207
5241
2472
2186
4820
472
4102
7531
4550
8522
4668
6111
1753
4121
4142
5146
170
6562
6282
8292
9875
3233
7377
9678
5745
6811
6198
3218
1796
8059
3570
3705
131
3940
2562
9351
6234
4149
3246
7520
6673
1802
8198
8990
4842
8351
7098
1562
5206
5055
1415
9416
9556
1531
9593
7791
6775
1175
6930
8725
8163
6926
2373
5674
3076
5909
4303
4171
8347
4221
2035
6215
9686
9554
5920
8990
2555
897
2274
2388
6641
2374
4385
5621
2603
851
9113
1955
5745
1596
663
2027
2732
4511
7245
406
4302
6914
5299
8331
8828
981
202
2050
6842
5782
3070
7491
1553
7507
3223
7372
6047
3418
9756
113
2459
8220
9317
846
9347
2592
4987
5240
9188
3155
9006
6242
3061
3565
5922
4492
2849
3392
7303
645
9071
7834
6996
6721
6607
1801
8512
8357
6579
7614
2636
8975
2472
2266
3664
8755
3248
8645
5665
6032
9166
4877
907
2130
7293
5659
1889
1936
2188
9746
9742
2501
7770
8961
2551
8140
5258
8904
191
2452
8115
7047
9414
6531
4007
5793
799
983
1198
9471
9965
3512
2798
9121
3897
9801
2777
8256
4338
4525
1523
5855
1362
726
7375
7968
9689
344
6117
8291
8537
4076
2978
6184
5405
8513
2908
9510
6966
1117
927
4916
275
9954
6649
3460
4460
7627
15
8976
6539
5349
6810
6124
9304
8731
8354
4939
4032
8313
7365
9566
3921
1618
4899
7607
8964
141
6009
1436
9880
3658
7993
614
7127
5731
6274
1785
7799
1885
5249
4094
8351
990
8148
3916
2483
1480
5398
3110
5983
1235
9709
285
6700
5929
2220
4870
6034
6475
9524
6391
7210
4881
1822
6938
6157
6431
8878
8980
1711
3347
3941
7151
3538
6122
1909
2100
8041
8594
8737
3172
8346
2618
7777
9413
1534
8710
5135
4074
6808
7679
8545
347
2047
1751
3347
7764
6362
4122
6000
1321
391
9264
3789
2711
7544
4079
178
8422
3243
1949
6182
9131
1429
8979
5158
5529
9722
845
17
3511
827
3037
6403
3101
5564
16
380
4408
3105
8920
5484
2541
3525
2697
4670
2634
2710
7759
3918
5528
5232
2300
6408
6717
420
9872
8559
7966
5029
6289
486
8369
9728
8810
2574
6624
4085
7647
4445
6553
6070
6590
5239
4547
3418
2641
9196
2092
4895
6496
8990
4861
4458
9588
5677
9583
9308
7446
2224
9046
9411
5782
6370
4331
3945
376
6791
6328
4157
3688
4538
3885
9261
9150
8980
287
1069
6909
6411
1616
2006
3269
4949
8042
6910
4968
3207
3588
3423
4634
6750
9255
1287
8817
4137
5547
8716
6460
5217
4362
5690
4464
4103
118
9594
9629
2008
6678
7568
400
7055
9963
4881
8818
7511
241
847
989
7035
5218
8531
2734
9101
9860
1830
8262
495
1235
1452
8458
3905
1225
4029
7771
5879
9625
7537
7248
726
2379
4440
7887
6556
2881
1955
4218
9465
1032
2450
1862
541
4443
4891
2359
7151
2114
7572
7704
296
4087
1117
1846
538
5897
109
9020
3616
3625
8103
6617
4083
1170
2024
7725
405
2694
8864
7651
9582
5475
5851
3512
7569
1716
7867
5530
9771
5796
900
5099
1255
7309
7091
7285
8048
1454
4940
4551
8004
4508
3071
4670
4162
4639
6789
5487
1040
3917
1965
1520
5515
7140
3966
1014
7275
3057
5400
57
1554
6910
2411
5492
9202
4263
1923
2041
5704
2845
9471
4881
3945
3364
733
6193
1399
8711
4931
7576
3327
5915
9484
1877
7523
2321
6414
4181
5807
5621
3780
9930
4042
3908
1149
1927
2155
9594
9919
9095
7349
9337
8793
8894
5809
1878
9701
6152
7191
7597
5718
3949
6152
9828
5651
902
3226
4413
6479
6633
9473
4070
3813
5023
2407
7658
3869
4487
3864
4714
5037
9524
892
4406
9951
2561
9441
6741
8347
6965
3829
9829
2065
1634
5437
8892
2453
9927
8853
3005
2327
1381
7573
5654
6477
4110
1323
7109
5968
1049
9003
1115
6496
1490
4000
5017
7621
4831
6621
2759
4659
3518
885
2660
7337
